533573677 189257619 845
587927845 699030149 499
968524430 974785086 663
198041471 921557785 244
396978593 853966991 265
040802742 532565958 351
319565391 170930781 269
883518407 718848742 950
372760559 759803266 555
233377444 436994902 453
060225088 596937346 217
007061476 614012921 156
057148341 059160529 789
701986738 308750313 133
744941504 755698337 403
386036281 576588091 394
225040580 885264117 157
617410578 694019505 838
517135055 437570019 059
672643717 992781235 627
611353893 313762936 225
998282906 815340232 012
604734734 076431067 926
896665793 869270240 160
359247768 385105512 459
714803826 817292742 740
224654982 673359117 851
848538858 695852704 327
973991223 020331350 679
167079401 267451260 964
785212945 062029474 844
849594289 777147875 772
695260551 523284547 627
078017657 459818496 387
155447053 116990736 703
774583419 044788759 096
166449486 581857178 398
096775491 235504673 996
543446567 450240884 495
575776128 701807523 462
111218537 124289173 586
749927998 898978687 474
993532094 287278428 296
454727939 806159114 071
700317268 834162275 902
251774180 461617745 266
401160977 987932753 763
360539698 788246854 464
344779595 376053493 514
626572005 083772561 004
955694095 897108373 509
832973063 645325969 002
578701167 193045904 005
906350930 458666265 444
488471205 389247496 361
004896011 073983172 089
771415357 979288226 766
916562014 851032199 591
487972110 538294888 123
819891453 173873332 109
647350925 154486848 072
969666685 176648783 787
249146019 646069145 976
626572005 023772561 516